Webots Project File version R2019a
perspectives: 000000ff00000000fd0000000300000000000001b0000003d5fc0100000002fb0000000e0043006f006e0073006f006c00650100000000000001b00000005400fffffffb0000001a0044006f00630075006d0065006e0074006100740069006f006e0000000000ffffffff0000005400ffffff00000001000002e3000003d5fc0200000001fb0000001400540065007800740045006400690074006f00720100000016000003d5000000a200ffffff000000030000073d000000b7fc0100000001fb0000001e00480074006d006c0052006f0062006f007400570069006e0064006f007700000005f90000018700000000000000000000029e000003d500000001000000020000000100000008fc00000000
simulationViewPerspectives: 000000ff000000010000000200000118000001160100000006010000000101
sceneTreePerspectives: 000000ff0000000100000002000000c0000001ec0100000006010000000201
maximizedDockId: -1
centralWidgetVisible: 1
selectionDisabled: 0
viewpointLocked: 0
orthographicViewHeight: 1
textFiles: 2 "../../../../../../../../../Users/David Baschung/Documents/UNI/Cours/Robotique/séries/3 robotique/epuckAPI/controllers/S03_alternative_jeudi/S03_alternative_jeudi.c" "../../../../../../../../../Users/David Baschung/Documents/UNI/Cours/Robotique/séries/3 robotique/epuckAPI/controllers/S03_alternative_sam/S03_alternative_sam.c" "../../../../../../../../../Users/David Baschung/Documents/UNI/Cours/Robotique/séries/3 robotique/epuckAPI/controllers/S03_alternative_core/S03_alternative_core.c"
globalOptionalRendering: Skeleton
renderingDevicePerspectives: 2:camera;1;0.266667;0;0
renderingDevicePerspectives: 1:camera;1;0.266667;0;0
